x: -0.30000001192092896
y: 71.0
z: 0.538454286384327
world: luna
yaw: -269.84985
pitch: 1.3502265
warmup: 5
cooldown: 0
